0  0  0
-4.44719  0.05  0.05
2.26829  0.200021  0.2
-4.89715  0.449774  0.45
-2.44838  0.79918  0.8
1.663  1.24897  1.25
5.43611  1.80067  1.8
-0.335405  2.4484  2.45
3.15788  3.19801  3.2
2.07564  4.04366  4.05
8.73865  5.0032  5
1.46917  6.03638  6.05
4.59493  7.17161  7.2
8.22792  8.41685  8.45
14.6584  9.80207  9.8
11.7088  11.2572  11.25
8.24337  12.7544  12.8
19.6545  14.474  14.45
19.3203  16.2777  16.2
23.3949  18.2353  18.05
19.5473  20.1862  20
22.2108  22.2493  22.05
30.7209  24.5897  24.2
26.6414  26.8593  26.45
21.8063  28.9803  28.8
37.9951  31.6858  31.25
30.5951  34.1114  33.8
34.9126  36.6955  36.45
36.7085  39.3278  39.2
40.0625  42.0761  42.05
41.8874  44.8593  45
42.9315  47.6246  48.05
48.8108  50.6381  51.2
57.6479  54.0842  54.45
51.8989  57.0736  57.8
56.5111  60.2345  61.25
65.5173  63.8531  64.8
66.3596  67.3871  68.45
71.0402  71.0878  72.2
79.4761  75.2098  76.05
79.7624  79.1725  80
82.4401  83.1389  84.05
89.0482  87.3855  88.2
92.0226  91.6387  92.45
98.9998  96.1852  96.8
103.99  100.867  101.25
106.162  105.466  105.8
114.363  110.428  110.45
115.632  115.22  115.2
121.717  120.202  120.05
126.238  125.247  125
128.194  130.156  130.05
135.453  135.328  135.2
140.45  140.58  140.45
143.353  145.748  145.8
153.212  151.353  151.25
155.294  156.791  156.8
167.369  162.817  162.45
170.046  168.696  168.2
174.327  174.552  174.05
183.696  180.764  180
188.482  186.97  186.05
194.82  193.282  192.2
199.416  199.563  198.45
213.291  206.506  204.8
206.498  212.529  211.25
217.072  218.969  217.8
229.473  225.945  224.45
230.023  232.539  231.2
235.011  239.098  238.05
244.723  245.975  245
250.188  252.834  252.05
260.253  260.019  259.2
270.106  267.498  266.45
271.414  274.612  273.8
281.729  282.051  281.25
292.552  289.836  288.8
295.209  297.335  296.45
306.089  305.176  304.2
313.578  313.085  312.05
317.596  320.793  320
330.164  328.952  328.05
334.278  336.901  336.2
342.881  344.984  344.45
350.649  353.129  352.8
363.806  361.739  361.25
370.757  370.322  369.8
384.518  379.391  378.45
388.549  388.187  387.2
392.14  396.679  396.05
408.625  405.859  405
413.822  414.836  414.05
421.85  423.83  423.2
434.422  433.183  432.45
438.52  442.232  441.8
446.27  451.263  451.25
464.271  461.054  460.8
471.914  470.785  470.45
477.529  480.297  480.2
489.969  490.116  490.05
